C	gamma	training_error	testing_error	epochs	SV
0.1145475372279496	0.1	0.4461009174311927	0.442	[-1.80241519e+02 -2.34056408e+02  5.36457584e+01 -8.64589558e-01
 -5.55909901e-11]	872
0.572737686139748	0.1	0.4461009174311927	0.442	[-9.01207597e+02 -1.17028204e+03  2.68228792e+02 -4.32294779e+00
 -1.52475810e-11]	872
0.8018327605956472	0.1	0.4461009174311927	0.442	[-1.26169064e+03 -1.63839485e+03  3.75520309e+02 -6.05212691e+00
 -3.62754271e-12]	872
0.1145475372279496	0.5	0.4461009174311927	0.442	[-1.80241519e+02 -2.34056408e+02  5.36457584e+01 -8.64589558e-01
 -5.55909901e-11]	872
0.572737686139748	0.5	0.4461009174311927	0.442	[-9.01207597e+02 -1.17028204e+03  2.68228792e+02 -4.32294779e+00
 -1.52475810e-11]	872
0.8018327605956472	0.5	0.4461009174311927	0.442	[-1.26169064e+03 -1.63839485e+03  3.75520309e+02 -6.05212691e+00
 -3.62754271e-12]	872
0.1145475372279496	1	0.4461009174311927	0.442	[-1.80241519e+02 -2.34056408e+02  5.36457584e+01 -8.64589558e-01
 -5.55909901e-11]	872
0.572737686139748	1	0.4461009174311927	0.442	[-9.01207597e+02 -1.17028204e+03  2.68228792e+02 -4.32294779e+00
 -1.52475810e-11]	872
0.8018327605956472	1	0.4461009174311927	0.442	[-1.26169064e+03 -1.63839485e+03  3.75520309e+02 -6.05212691e+00
 -3.62754271e-12]	872
0.1145475372279496	5	0.4461009174311927	0.442	[-1.80241519e+02 -2.34056408e+02  5.36457584e+01 -8.64589558e-01
 -5.55909901e-11]	872
0.572737686139748	5	0.4461009174311927	0.442	[-9.01207597e+02 -1.17028204e+03  2.68228792e+02 -4.32294779e+00
 -1.52475810e-11]	872
0.8018327605956472	5	0.4461009174311927	0.442	[-1.26169064e+03 -1.63839485e+03  3.75520309e+02 -6.05212691e+00
 -3.62754271e-12]	872
0.1145475372279496	100	0.44839449541284404	0.444	[-1.80241519e+02 -2.34056408e+02  5.36457584e+01 -8.64589558e-01
 -5.55909901e-11]	872
0.572737686139748	100	0.4426605504587156	0.436	[-9.01207597e+02 -1.17028204e+03  2.68228792e+02 -4.32294779e+00
 -1.52475810e-11]	872
0.8018327605956472	100	0.43577981651376146	0.442	[-1.26169064e+03 -1.63839485e+03  3.75520309e+02 -6.05212691e+00
 -3.62754271e-12]	872
